# Created by Octave 4.0.0, Wed Sep 16 22:37:07 2015 BRT <djornada@Buyasta>
warning: save: no such variable 'ex'
# name: x
# type: matrix
# rows: 2
# columns: 10
 1 13.5 34.33333333333333 60.375 86.41666666666667 108.1180555555556 123.6190476190476 133.3071676587302 138.6894565696649 141.3806010251323
 148.4131591025766 148.4131591025766 148.4131591025766 148.4131591025766 148.4131591025766 148.4131591025766 148.4131591025766 148.4131591025766 148.4131591025766 148.4131591025766

